164116854
160760385
160640195
160640758
161297000
160681365
164117013
160669760
160658027
160667651
160645976
160781986
161087502
160712803
160644313
160796193
160709574
160644267
160639230
160698630
160648283
162682075
160676813
160698027
160640351
160767781
160792081
160656834
160643211
160656435
160800199
160770041
160639450
160668313
160782991
160639716
160647038
160985269
160757445
160664563
160928355
160788452
160693387
160677570
160700567
160638179
160698590
161004842
161019732
160879542
160638344
160639193
160689111
160645534
160701454
160640450
161031357
163568130
160850354
160680619
160656528
160678288
160941947
160645345
160687661
160639614
160736529
160642067
160661964
164635206
160698427
160930372
160705984
160792552
160902919
160798130
160703273
160642159
160859185
160678684
160745691
161006661
160637888
161094523
160639926
160643185
160995018
160639313
160897991
161024271
160639454
160668106
160698750
160860279
160988487
160712455
160648657
160900785
160644600
160873248
160638900
160637816
160656254
160713910
161097872
160639463
161015494
160642666
160691503
160750818
160668773
160637510
160639258
160856525
160639122
160677768
160687602
163614758